Exact  : [1.0, 1.0000000000000002, 1.0, 1.0000000000000002, 1.0]
MFA    : [0.90207960954696265, 0.98327414585326234, 0.98569473656805118, 0.98327414585326234, 0.90207960954696265]
cavity : [0.8488269231485277, 0.91761463422223999, 0.9340668695990656, 0.91761463422223999, 0.8488269231485277]
